159
113
154
102
149
184
164
184
198
178
132
159
126
133
104
189
186
143
171
148
143
150
117
173
193
199
112
105
131
160
184
172
152
119
147
120
104
184
193
126
176
196
188
196
115
198
169
185
172
117
170
176
199
179
100
161
127
193
1000468
1000027
112
162
126
174
151
192
123
124
165
199
158
117
195
131
113
129
197
143
184
198
193
150
131
148
127
173
191
132
147
102
159
141
111
118
105
134
199
180
121
134
129
148
135
123
114
175
144
173
125
192
155
150
168
137
184
142
100
100
152
164
153
127
119
141
167
132
140
180
110
161
137
101
198
199
199
177
145
111
141
194
1000041
1000156
132
199
180
145
179
197
158
112
145
191
125
178
145
155
129
173
170
146
189
161
119
118
101
108
185
115
174
164
129
191
125
137
179
183
156
185
151
122
198
109
182
136
175
121
173
107
196
116
118
155
171
178
135
179
169
165
101
194
1000443
1000327